黄白游#FFF799RGB(255, 247, 153)CMYK(0,0,50,0)
松花#FFEE6FRGB(255, 238, 111)CMYK(0,5,65,0)
缃叶#ECD452RGB(236, 212, 82)CMYK(10,15,75,5)
苍黄#B6A014RGB(182, 160, 20)CMYK(35,35,100,0)
天缥#D5EBE1RGB(213, 235, 225)CMYK(20,0,15,0)
沧浪#B1D5C8RGB(177, 213, 200)CMYK(35,5,25,0)
苍筤#99BCACRGB(153, 188, 172)CMYK(45,15,35,0)
缥碧#80A492RGB(128, 164, 146)CMYK(55,25,45,0)
流黄#8B7042RGB(139, 112, 66)CMYK(50,55,80,10)
栗壳#775039RGB(119, 80, 57)CMYK(55,70,80,20)
龙战#5F4321RGB(95, 67, 33)CMYK(60,70,95,35)
青骊#422517RGB(66, 37, 23)CMYK(65,80,90,55)
海天霞#F3A694RGB(243, 166, 148)CMYK(0,45,35,0)
缙云#EE7959RGB(238, 121, 89)CMYK(0,65,60,0)
纁黄#BA5140RGB(186, 81, 64)CMYK(30,80,75,0)
珊瑚赫#C12C1FRGB(193, 44, 31)CMYK(25,95,100,0)
盈盈#F9D3E3RGB(249, 211, 227)CMYK(0,25,0,0)
水红#ECB0C1RGB(236, 176, 193)CMYK(5,40,10,0)
苏梅#DD7694RGB(221, 118, 148)CMYK(10,65,20,0)
紫茎屏风#A76283RGB(167, 98, 131)CMYK(40,70,30,0)
葭灰#BEB1AARGB(190, 177, 170)CMYK(30,30,30,0)
黄埃#B49273RGB(180, 146, 115)CMYK(35,45,55,0)
老僧衣#A46244RGB(164, 98, 68)CMYK(40,70,75,5)
玄天#6B5458RGB(107, 84, 88)CMYK(65,70,60,10)
黄河琉璃#E5A84BRGB(229, 168, 75)CMYK(10,40,75,0)
库金#E18A3BRGB(225, 138, 59)CMYK(10,55,80,0)
缊韨#984F31RGB(152, 79, 49)CMYK(40,75,85,15)
紫瓯#7C461ERGB(124, 70, 30)CMYK(50,75,100,25)
欧碧#C0D695RGB(192, 214, 149)CMYK(30,5,50,0)
春辰#A9BE7BRGB(169, 190, 123)CMYK(40,15,60,0)
碧山#779649RGB(119, 150, 73)CMYK(60,30,85,0)
青青#4F6F46RGB(79, 111, 70)CMYK(75,50,85,5)
赤缇#BA5B49RGB(186, 91, 73)CMYK(30,75,70,0)
朱草#A64036RGB(166, 64, 54)CMYK(35,85,80,10)
綪茷#9E2A22RGB(158, 42, 34)CMYK(40,95,100,10)
顺圣#7C191ERGB(124, 25, 30)CMYK(50,100,100,25)
桃夭#F6BEC8RGB(246, 190, 200)CMYK(0,35,10,0)
杨妃#F091A0RGB(240, 145, 160)CMYK(0,55,20,0)
长春#DC6B82RGB(220, 107, 130)CMYK(10,70,30,0)
牙绯#C35C5DRGB(195, 92, 93)CMYK(25,75,55,0)
黄栗留#FEDC5ERGB(254, 220, 94)CMYK(0,15,70,0)
栀子#FAC03DRGB(250, 192, 61)CMYK(0,30,80,0)
黄不老#DB9B34RGB(219, 155, 52)CMYK(15,45,85,0)
柘黄#C67915RGB(198, 121, 21)CMYK(25,60,100,0)
青鸾#9AA7B1RGB(154, 167, 177)CMYK(45,30,25,0)
菘蓝#6B798ERGB(107, 121, 142)CMYK(65,50,35,0)
青黛#45465ERGB(69, 70, 94)CMYK(80,75,50,15)
绀蝶#2C2F3BRGB(44, 47, 59)CMYK(85,80,65,40)
皦玉#EBEEE8RGB(235, 238, 232)CMYK(10,5,10,0)
吉量#EBEDDFRGB(235, 237, 223)CMYK(10,5,15,0)
韶粉#E0E0D0RGB(224, 224, 208)CMYK(15,10,20,0)
霜地#C7C6B6RGB(199, 198, 182)CMYK(20,15,25,10)
夏籥#D2AF9DRGB(210, 175, 157)CMYK(20,35,35,0)
紫磨金#BC836BRGB(188, 131, 107)CMYK(30,55,55,0)
檀色#B26D5DRGB(178, 109, 93)CMYK(35,65,60,0)
赭罗#9A6655RGB(154, 102, 85)CMYK(45,65,65,5)
黄丹#EA5514RGB(234, 85, 20)CMYK(0,80,95,0)
洛神珠#D23918RGB(210, 57, 24)CMYK(15,90,100,0)
丹雘#C8161DRGB(200, 22, 29)CMYK(20,100,100,0)
水华朱#A72126RGB(167, 33, 38)CMYK(40,100,100,0)
青冥#3271AERGB(50, 113, 174)CMYK(80,50,10,0)
青雘#007175RGB(0, 113, 117)CMYK(95,45,55,0)
青緺#284852RGB(40, 72, 82)CMYK(90,75,65,10)
骐驎#12264FRGB(18, 38, 79)CMYK(100,95,50,25)
紫蒲#A6559DRGB(166, 85, 157)CMYK(40,75,0,0)
赪紫#8A1874RGB(138, 24, 116)CMYK(55,100,20,0)
齐紫#6C216DRGB(108, 33, 109)CMYK(70,100,30,0)
凝夜紫#422256RGB(66, 34, 86)CMYK(85,100,45,15)
冻缥#BEC2B3RGB(190, 194, 179)CMYK(30,20,30,0)
春碧#9D9D82RGB(157, 157, 130)CMYK(45,35,50,0)
执大象#919177RGB(145, 145, 119)CMYK(50,40,55,0)
苔古#79836CRGB(121, 131, 108)CMYK(60,45,60,0)
香炉紫烟#D3CCD6RGB(211, 204, 214)CMYK(20,20,10,0)
紫菂#9B8EA9RGB(155, 142, 169)CMYK(45,45,20,0)
拂紫绵#7E527FRGB(126, 82, 127)CMYK(60,75,30,0)
三公子#663D74RGB(102, 61, 116)CMYK(70,85,30,5)
琅玕紫#CB5C83RGB(203, 92, 131)CMYK(20,75,25,0)
红踯躅#B83570RGB(184, 53, 112)CMYK(30,90,30,0)
魏红#A73766RGB(167, 55, 102)CMYK(40,90,40,0)
魏紫#903754RGB(144, 55, 84)CMYK(50,90,55,5)
昌荣#DCC7E1RGB(220, 199, 225)CMYK(15,25,0,0)
紫薄汗#BBA1CBRGB(187, 161, 203)CMYK(30,40,0,0)
茈藐#A67EB7RGB(166, 126, 183)CMYK(40,55,0,0)
紫紶#7D5284RGB(125, 82, 132)CMYK(60,75,25,0)
苍葭#A8BF8FRGB(168, 191, 143)CMYK(40,15,50,0)
庭芜绿#68945CRGB(104, 148, 92)CMYK(65,30,75,0)
翠微#4C8045RGB(76, 128, 69)CMYK(75,40,90,0)
翠虬#446A37RGB(68, 106, 55)CMYK(80,55,100,0)
碧落#AED0EERGB(174, 208, 238)CMYK(35,10,0,0)
挼蓝#6E9BC5RGB(110, 155, 197)CMYK(60,30,10,0)
青雀头黛#354E6BRGB(53, 78, 107)CMYK(85,70,45,10)
螺子黛#13393ERGB(19, 57, 62)CMYK(95,80,75,25)
露褐#BD8253RGB(189, 130, 83)CMYK(30,55,70,0)
檀褐#945635RGB(148, 86, 53)CMYK(50,75,90,0)
緅絺#804C2ERGB(128, 76, 46)CMYK(60,80,100,0)
目童子#5B3222RGB(91, 50, 34)CMYK(60,80,90,40)
青粲#C3D94ERGB(195, 217, 78)CMYK(30,0,80,0)
翠缥#B7D332RGB(183, 211, 50)CMYK(35,0,90,0)
人籁#9EBC19RGB(158, 188, 25)CMYK(45,10,100,0)
水龙吟#84A729RGB(132, 167, 41)CMYK(55,20,100,0)
地籁#DFCEB4RGB(223, 206, 180)CMYK(15,20,30,0)
大块#BFA782RGB(191, 167, 130)CMYK(30,35,50,0)
养生主#B49B7FRGB(180, 155, 127)CMYK(35,40,50,0)
大云#94784FRGB(148, 120, 79)CMYK(50,55,75,0)
溶溶月#BEC2BCRGB(190, 194, 188)CMYK(30,20,25,0)
绍衣#A8A19CRGB(168, 161, 156)CMYK(40,35,35,0)
石莲褐#92897BRGB(146, 137, 123)CMYK(50,45,50,0)
黑朱#70695DRGB(112, 105, 93)CMYK(65,60,65,0)
朱颜酡#F29A76RGB(242, 154, 118)CMYK(0,50,50,0)
苕荣#ED6D3DRGB(237, 109, 61)CMYK(0,70,75,0)
檎丹#E94829RGB(233, 72, 41)CMYK(0,85,85,0)
丹罽#E60012RGB(230, 0, 18)CMYK(0,100,100,0)
彤管#E2A2ACRGB(226, 162, 172)CMYK(10,45,20,0)
渥赭#DD6B7BRGB(221, 107, 123)CMYK(10,70,35,0)
唇脂#C25160RGB(194, 81, 96)CMYK(25,80,50,0)
朱孔阳#B81A35RGB(184, 26, 53)CMYK(30,100,80,0)
石发#6A8D52RGB(106, 141, 82)CMYK(65,35,80,0)
漆姑#5D8351RGB(93, 131, 81)CMYK(70,40,80,0)
芰荷#4F794ARGB(79, 121, 74)CMYK(75,45,85,0)
官绿#2A6E3FRGB(42, 110, 63)CMYK(85,50,95,0)
仙米#D4C9AARGB(212, 201, 170)CMYK(20,20,35,0)
黄螺#B4A379RGB(180, 163, 121)CMYK(35,35,55,0)
降真香#9E8358RGB(158, 131, 88)CMYK(45,50,70,0)
远志#81663BRGB(129, 102, 59)CMYK(55,60,85,10)
嫩鹅黄#F2C867RGB(242, 200, 103)CMYK(5,25,65,0)
鞠衣#D3A237RGB(211, 162, 55)CMYK(20,40,85,0)
郁金裙#D08635RGB(208, 134, 53)CMYK(20,55,85,0)
黄流#9F6027RGB(159, 96, 39)CMYK(45,70,100,0)
筠雾#D5D1AERGB(213, 209, 174)CMYK(20,15,35,0)
瓷秘#BFC096RGB(191, 192, 150)CMYK(30,20,45,0)
琬琰#A9A886RGB(169, 168, 134)CMYK(40,30,50,0)
青圭#92905DRGB(146, 144, 93)CMYK(50,40,70,0)
鸣珂#B3B59CRGB(179, 181, 156)CMYK(35,25,40,0)
青玉案#A8B092RGB(168, 176, 146)CMYK(40,25,45,0)
出岫#A9A773RGB(169, 167, 115)CMYK(40,30,60,0)
风入松#868C4ERGB(134, 140, 78)CMYK(55,40,80,0)
如梦令#DDBB99RGB(221, 187, 153)CMYK(15,30,40,0)
芸黄#D2A36CRGB(210, 163, 108)CMYK(20,40,60,0)
金埒#BE9457RGB(190, 148, 87)CMYK(30,45,70,0)
雌黄#B4884DRGB(180, 136, 77)CMYK(35,50,75,0)
曾青#535164RGB(83, 81, 100)CMYK(75,70,50,10)
䒌靘#454659RGB(69, 70, 89)CMYK(80,75,55,15)
璆琳#343041RGB(52, 48, 65)CMYK(85,85,65,30)
瑾瑜#1E2732RGB(30, 39, 50)CMYK(90,85,70,45)
赩炽#CB523ERGB(203, 82, 62)CMYK(20,80,75,0)
石榴裙#B13B2ERGB(177, 59, 46)CMYK(35,90,90,0)
朱湛#95302ERGB(149, 48, 46)CMYK(50,95,95,0)
大繎#822327RGB(130, 35, 39)CMYK(55,100,100,10)
月魄#B2B6B6RGB(178, 182, 182)CMYK(35,25,25,0)
不皂#A7AAA1RGB(167, 170, 161)CMYK(40,30,35,0)
雷雨垂#7A7B78RGB(122, 123, 120)CMYK(60,50,50,0)
石涅#686A67RGB(104, 106, 103)CMYK(65,55,55,10)
扶光#F0C2A2RGB(240, 194, 162)CMYK(5,30,35,0)
椒房#DB9C5ERGB(219, 156, 94)CMYK(15,45,65,0)
红友#D9883DRGB(217, 136, 61)CMYK(15,55,80,0)
光明砂#CC5D20RGB(204, 93, 32)CMYK(20,75,95,0)
山矾#F5F3F2RGB(245, 243, 242)CMYK(5,5,5,0)
玉頩#EAE5E3RGB(234, 229, 227)CMYK(10,10,10,0)
二目鱼#DFE0D9RGB(223, 224, 217)CMYK(15,10,15,0)
明月珰#D4D3CARGB(212, 211, 202)CMYK(20,15,20,0)
骍刚#F5B087RGB(245, 176, 135)CMYK(0,40,45,0)
赪霞#F18F60RGB(241, 143, 96)CMYK(0,55,60,0)
赪尾#EF845DRGB(239, 132, 93)CMYK(0,60,60,0)
朱柿#ED6D46RGB(237, 109, 70)CMYK(0,70,70,0)
天球#E0DFC6RGB(224, 223, 198)CMYK(15,10,25,0)
行香子#BFB99CRGB(191, 185, 156)CMYK(30,25,40,0)
王刍#A99F70RGB(169, 159, 112)CMYK(40,35,60,0)
荩箧#877D52RGB(135, 125, 82)CMYK(55,50,75,0)
赤灵#954024RGB(149, 64, 36)CMYK(45,85,100,10)
丹秫#873424RGB(135, 52, 36)CMYK(50,90,100,15)
木兰#662B1FRGB(102, 43, 31)CMYK(60,90,100,30)
麒麟竭#4C1E1ARGB(76, 30, 26)CMYK(70,95,100,40)
柔蓝#106898RGB(16, 104, 152)CMYK(85,50,20,10)
碧城#12507BRGB(18, 80, 123)CMYK(90,65,30,15)
蓝采和#06436FRGB(6, 67, 111)CMYK(95,75,35,15)
帝释青#003460RGB(0, 52, 96)CMYK(100,85,40,20)
夕岚#E3ADB9RGB(227, 173, 185)CMYK(10,40,15,0)
雌霓#CF929ERGB(207, 146, 158)CMYK(20,50,25,0)
绛纱#B27777RGB(178, 119, 119)CMYK(35,60,45,0)
茹藘#A35F65RGB(163, 95, 101)CMYK(40,70,50,5)
葱青#EDF1BBRGB(237, 241, 187)CMYK(10,0,35,0)
少艾#E3EB98RGB(227, 235, 152)CMYK(15,0,50,0)
绮钱#D8DE8ARGB(216, 222, 138)CMYK(20,5,55,0)
翠樽#CDD171RGB(205, 209, 113)CMYK(25,10,65,0)
石蜜#D4BF89RGB(212, 191, 137)CMYK(20,25,50,0)
沙饧#BFA670RGB(191, 166, 112)CMYK(30,35,60,0)
巨吕#AA8E59RGB(170, 142, 89)CMYK(40,45,70,0)
吉金#896D47RGB(137, 109, 71)CMYK(55,60,80,0)
山岚#BED2BBRGB(190, 210, 187)CMYK(30,10,30,0)
渌波#9BB496RGB(155, 180, 150)CMYK(45,20,45,0)
青楸#81A380RGB(129, 163, 128)CMYK(55,25,55,0)
菉竹#698E6ARGB(105, 142, 106)CMYK(65,35,65,0)
窃蓝#88ABDARGB(136, 171, 218)CMYK(50,25,0,0)
监德#6F94CDRGB(111, 148, 205)CMYK(60,35,0,0)
苍苍#5976BARGB(89, 118, 186)CMYK(70,50,0,0)
群青#2E59A7RGB(46, 89, 167)CMYK(85,65,0,0)
白青#98B6C2RGB(152, 182, 194)CMYK(45,20,20,0)
竹月#7F9FAFRGB(127, 159, 175)CMYK(55,30,25,0)
空青#66889ERGB(102, 136, 158)CMYK(65,40,30,0)
太师青#547689RGB(84, 118, 137)CMYK(70,45,35,10)
缟羽#EFEFEFRGB(239, 239, 239)CMYK(0,0,0,10)
香皮#D8D1C5RGB(216, 209, 197)CMYK(15,15,20,5)
云母#C6BEB1RGB(198, 190, 177)CMYK(20,20,25,10)
佩玖#AC9F8ARGB(172, 159, 138)CMYK(30,30,40,15)
麹尘#C0D09DRGB(192, 208, 157)CMYK(30,10,45,0)
绿沈#938F4CRGB(147, 143, 76)CMYK(50,40,80,0)
绞衣#7F754CRGB(127, 117, 76)CMYK(55,50,75,10)
素綦#595333RGB(89, 83, 51)CMYK(70,65,90,20)
退红#F0CFE3RGB(240, 207, 227)CMYK(5,25,0,0)
樱花#E4B8D5RGB(228, 184, 213)CMYK(10,35,0,0)
丁香#CE93BFRGB(206, 147, 191)CMYK(20,50,0,0)
木槿#BA79B1RGB(186, 121, 177)CMYK(30,60,0,0)
余白#C9CFC1RGB(201, 207, 193)CMYK(25,15,25,0)
兰苕#A8B78CRGB(168, 183, 140)CMYK(40,20,50,0)
碧滋#90A07DRGB(144, 160, 125)CMYK(50,30,55,0)
葱倩#6C8650RGB(108, 134, 80)CMYK(65,40,80,0)
云门#A2D2E2RGB(162, 210, 226)CMYK(40,5,10,0)
西子#87C0CARGB(135, 192, 202)CMYK(50,10,20,0)
天水碧#5AA4AERGB(90, 164, 174)CMYK(65,20,30,0)
法翠#108B96RGB(16, 139, 150)CMYK(80,30,40,0)
桑蕾#EAD89ARGB(234, 216, 154)CMYK(10,15,45,0)
太一余粮#D5B45CRGB(213, 180, 92)CMYK(20,30,70,0)
秋香#BF9C46RGB(191, 156, 70)CMYK(30,40,80,0)
老茯神#AA8534RGB(170, 133, 52)CMYK(40,50,90,0)
凝脂#F5F2E9RGB(245, 242, 233)CMYK(5,5,10,0)
玉色#EAE4D1RGB(234, 228, 209)CMYK(10,10,20,0)
黄润#DFD6B8RGB(223, 214, 184)CMYK(15,15,30,0)
缣缃#D5C8A0RGB(213, 200, 160)CMYK(20,20,40,0)
蕉月#86908ARGB(134, 144, 138)CMYK(50,35,40,10)
千山翠#6B7D73RGB(107, 125, 115)CMYK(60,40,50,15)
结绿#555F4DRGB(85, 95, 77)CMYK(70,55,70,20)
绿云#45493DRGB(69, 73, 61)CMYK(75,65,75,30)
藕丝秋半#D3CBC5RGB(211, 203, 197)CMYK(20,20,20,0)
苍烟落照#C8B5B3RGB(200, 181, 179)CMYK(25,30,25,0)
红藤杖#928187RGB(146, 129, 135)CMYK(50,50,40,0)
紫鼠#594C57RGB(89, 76, 87)CMYK(65,65,50,30)
黄粱#C4B798RGB(196, 183, 152)CMYK(25,25,40,5)
蒸栗#A58A5FRGB(165, 138, 95)CMYK(40,45,65,5)
射干#7C623FRGB(124, 98, 63)CMYK(55,60,80,15)
油葫芦#644D31RGB(100, 77, 49)CMYK(65,70,90,20)
卵色#D5E3D4RGB(213, 227, 212)CMYK(20,5,20,0)
葭菼#CAD7C5RGB(202, 215, 197)CMYK(25,10,25,0)
冰台#BECAB7RGB(190, 202, 183)CMYK(30,15,30,0)
青古#B3BDA9RGB(179, 189, 169)CMYK(35,20,35,0)
栾华#C0AD5ERGB(192, 173, 94)CMYK(30,30,70,0)
大赤#AA9649RGB(170, 150, 73)CMYK(40,40,80,0)
佛赤#8F3D2CRGB(143, 61, 44)CMYK(45,85,90,15)
蜜褐#683632RGB(104, 54, 50)CMYK(55,80,75,35)
孔雀蓝#4994C4RGB(73, 148, 196)CMYK(70,30,10,0)
吐绶蓝#4182A4RGB(65, 130, 164)CMYK(75,40,25,0)
鱼师青#32788ARGB(50, 120, 138)CMYK(80,45,40,0)
软翠#006D87RGB(0, 109, 135)CMYK(90,50,40,0)
浅云#EAEEF1RGB(234, 238, 241)CMYK(10,5,5,0)
素采#D4DDE1RGB(212, 221, 225)CMYK(20,10,10,0)
影青#BDCBD2RGB(189, 203, 210)CMYK(30,15,15,0)
逍遥游#B2BFC3RGB(178, 191, 195)CMYK(35,20,20,0)
醽醁#A6BAB1RGB(166, 186, 177)CMYK(40,20,30,0)
翠涛#819D8ERGB(129, 157, 142)CMYK(55,30,45,0)
青梅#778A77RGB(119, 138, 119)CMYK(60,40,55,0)
翕赩#5F766ARGB(95, 118, 106)CMYK(70,50,60,0)
九斤黄#DDB078RGB(221, 176, 120)CMYK(15,35,55,0)
杏子#DA9233RGB(218, 146, 51)CMYK(15,50,85,0)
媚蝶#BC6E37RGB(188, 110, 55)CMYK(30,65,85,0)
韎韐#9F5221RGB(159, 82, 33)CMYK(40,75,100,10)
东方既白#8BA3C7RGB(139, 163, 199)CMYK(50,30,10,0)
绀宇#003D74RGB(0, 61, 116)CMYK(100,86,35,0)
佛头青#19325FRGB(25, 50, 95)CMYK(100,95,50,0)
花青#1A2847RGB(26, 40, 71)CMYK(100,100,65,15)
弗肯红#ECD9C7RGB(236, 217, 199)CMYK(5,15,20,5)
赤璋#E1C199RGB(225, 193, 153)CMYK(10,25,40,5)
茧色#C6A268RGB(198, 162, 104)CMYK(20,35,60,10)
密陀僧#B3934BRGB(179, 147, 75)CMYK(30,40,75,10)
银朱#D12920RGB(209, 41, 32)CMYK(15,95,95,0)
胭脂虫#AB1D22RGB(171, 29, 34)CMYK(35,100,100,5)
朱樱#8F1D22RGB(143, 29, 34)CMYK(45,100,100,15)
爵头#631216RGB(99, 18, 22)CMYK(55,100,100,40)
甘石#BDB2B2RGB(189, 178, 178)CMYK(30,30,25,0)
迷楼灰#91828FRGB(145, 130, 143)CMYK(50,50,35,0)
鸦雏#6A5B6DRGB(106, 91, 109)CMYK(65,65,45,10)
烟墨#5C4F55RGB(92, 79, 85)CMYK(70,70,60,15)
十样锦#F8C6B5RGB(248, 198, 181)CMYK(0,30,25,0)
檀唇#DA9E8CRGB(218, 158, 140)CMYK(15,45,40,0)
琼琚#D77F66RGB(215, 127, 102)CMYK(15,60,55,0)
棠梨#B15A43RGB(177, 90, 67)CMYK(35,75,75,0)
蜜合#DFD7C2RGB(223, 215, 194)CMYK(15,15,25,0)
假山南#D4C1A6RGB(212, 193, 166)CMYK(20,25,35,0)
紫花布#BEA78BRGB(190, 167, 139)CMYK(30,35,45,0)
沉香#99806CRGB(153, 128, 108)CMYK(45,50,55,5)
半见#FFFBC7RGB(255, 251, 199)CMYK(0,0,30,0)
女贞黄#F7EEADRGB(247, 238, 173)CMYK(5,5,40,0)
绢纨#ECE093RGB(236, 224, 147)CMYK(10,10,50,0)
姜黄#D6C560RGB(214, 197, 96)CMYK(20,20,70,0)
繱犗#88BFB8RGB(136, 191, 184)CMYK(50,10,30,0)
二绿#5DA39DRGB(93, 163, 157)CMYK(65,20,40,0)
铜青#3D8E86RGB(61, 142, 134)CMYK(75,30,50,0)
石绿#206864RGB(32, 104, 100)CMYK(85,50,60,10)
黄琮#9E8C6BRGB(158, 140, 107)CMYK(45,45,60,0)
茶色#887657RGB(136, 118, 87)CMYK(55,55,70,0)
伽罗#6D5C3DRGB(109, 92, 61)CMYK(60,50,80,20)
苍艾#5A4B3BRGB(90, 75, 59)CMYK(65,65,75,30)
藕丝褐#A88787RGB(168, 135, 135)CMYK(40,50,40,0)
葡萄褐#9E696DRGB(158, 105, 109)CMYK(45,65,50,0)
苏方#81474CRGB(129, 71, 76)CMYK(55,80,65,10)
福色#662B2FRGB(102, 43, 47)CMYK(60,90,80,30)
龙膏烛#DE82A7RGB(222, 130, 167)CMYK(10,60,10,0)
黪紫#CC73A0RGB(204, 115, 160)CMYK(20,65,10,0)
胭脂水#B95A89RGB(185, 90, 137)CMYK(30,75,20,0)
胭脂紫#B0436FRGB(176, 67, 111)CMYK(35,85,35,0)
小红#E67762RGB(230, 119, 98)CMYK(5,65,55,0)
岱赭#DD6B4FRGB(221, 107, 79)CMYK(10,70,65,0)
鹤顶红#D24735RGB(210, 71, 53)CMYK(15,85,80,0)
朱殷#B93A26RGB(185, 58, 38)CMYK(30,90,95,0)
月白#D4E5EFRGB(212, 229, 239)CMYK(20,5,5,0)
星郎#BCD4E7RGB(188, 212, 231)CMYK(30,10,5,0)
晴山#A3BBDBRGB(163, 187, 219)CMYK(40,20,5,0)
品月#8AABCCRGB(138, 171, 204)CMYK(50,25,10,0)
明茶褐#9E8368RGB(158, 131, 104)CMYK(45,50,60,0)
荆褐#906C4ARGB(144, 108, 74)CMYK(50,60,75,5)
驼褐#7C5B3ERGB(124, 91, 62)CMYK(55,65,80,15)
椒褐#72453ARGB(114, 69, 58)CMYK(55,75,75,25)
粉米#EFC4CERGB(239, 196, 206)CMYK(5,30,10,0)
縓缘#CE8892RGB(206, 136, 146)CMYK(20,55,30,0)
美人祭#C35C6ARGB(195, 92, 106)CMYK(25,75,45,0)
鞓红#B04552RGB(176, 69, 82)CMYK(35,85,60,0)
米汤娇#EEEAD9RGB(238, 234, 217)CMYK(5,5,15,5)
草白#BFC1A9RGB(191, 193, 169)CMYK(30,25,35,0)
玄校#A9A082RGB(169, 160, 130)CMYK(40,35,50,0)
綟绶#756C4BRGB(117, 108, 75)CMYK(60,55,75,10)
雀梅#788A6FRGB(120, 138, 111)CMYK(60,40,60,0)
油绿#5D7259RGB(93, 114, 89)CMYK(70,50,70,5)
莓莓#4E6548RGB(78, 101, 72)CMYK(75,55,80,10)
螺青#3F503BRGB(63, 80, 59)CMYK(80,65,85,20)
暮山紫#A4ABD6RGB(164, 171, 214)CMYK(40,30,0,0)
紫苑#757CBBRGB(117, 124, 187)CMYK(60,50,0,0)
优昙瑞#615EA8RGB(97, 94, 168)CMYK(70,65,0,0)
延维#4A4B9DRGB(74, 75, 157)CMYK(80,75,0,0)
银红#E7CAD3RGB(231, 202, 211)CMYK(10,25,10,0)
莲红#D9A0B3RGB(217, 160, 179)CMYK(15,45,15,0)
紫梅#BB7A8CRGB(187, 122, 140)CMYK(30,60,30,0)
紫矿#9E4E56RGB(158, 78, 86)CMYK(45,80,60,0)
咸池#DAA9A9RGB(218, 169, 169)CMYK(15,40,25,0)
红䵂#CD7372RGB(205, 115, 114)CMYK(20,65,45,0)
蚩尤旗#A85858RGB(168, 88, 88)CMYK(40,75,60,0)
霁红#7C4449RGB(124, 68, 73)CMYK(55,80,65,15)
莺儿#EBE1A9RGB(235, 225, 169)CMYK(10,10,40,0)
禹余粮#E1D279RGB(225, 210, 121)CMYK(15,15,60,0)
姚黄#D6BC46RGB(214, 188, 70)CMYK(20,25,80,0)
蛾黄#BE8A2FRGB(190, 138, 47)CMYK(30,50,90,0)
濯绛#796860RGB(121, 104, 96)CMYK(60,60,60,5)
墨黪#585248RGB(88, 82, 72)CMYK(70,65,70,20)
驖骊#46433BRGB(70, 67, 59)CMYK(75,70,75,30)
京元#31322CRGB(49, 50, 44)CMYK(80,75,80,45)
酂白#F6F9E4RGB(246, 249, 228)CMYK(5,0,15,0)
断肠#ECEBC2RGB(236, 235, 194)CMYK(10,5,30,0)
田赤#E1D384RGB(225, 211, 132)CMYK(15,15,55,0)
黄封#CAB272RGB(202, 178, 114)CMYK(25,30,60,0)
丁香褐#BD9683RGB(189, 150, 131)CMYK(30,45,45,0)
棠梨褐#955A42RGB(149, 90, 66)CMYK(45,70,75,10)
朱石栗#81492CRGB(129, 73, 44)CMYK(50,75,90,20)
枣褐#68361ARGB(104, 54, 26)CMYK(55,80,100,35)
秋蓝#7D929FRGB(125, 146, 159)CMYK(55,35,30,5)
育阳染#576470RGB(87, 100, 112)CMYK(70,55,45,15)
霁蓝#3C4654RGB(60, 70, 84)CMYK(80,70,55,25)
獭见#151D29RGB(21, 29, 41)CMYK(85,75,60,65)
井天#A4C9CCRGB(164, 201, 204)CMYK(40,10,20,0)
正青#6CA8AFRGB(108, 168, 175)CMYK(60,20,30,0)
扁青#509296RGB(80, 146, 150)CMYK(70,30,40,0)
䌦色#226B68RGB(34, 107, 104)CMYK(85,50,60,5)
紫府#995D7FRGB(153, 93, 127)CMYK(45,70,30,5)
地血#814662RGB(129, 70, 98)CMYK(55,80,45,10)
芥拾紫#602641RGB(96, 38, 65)CMYK(60,90,55,35)
油紫#420B2FRGB(66, 11, 47)CMYK(70,100,60,50)
骨缥#EBE3C7RGB(235, 227, 199)CMYK(10,10,25,0)
青白玉#CAC5A0RGB(202, 197, 160)CMYK(25,20,40,0)
绿豆褐#92896BRGB(146, 137, 107)CMYK(50,45,60,0)
冥色#665F4DRGB(102, 95, 77)CMYK(65,60,70,15)
肉红#DDC5B8RGB(221, 197, 184)CMYK(15,25,25,0)
珠子褐#BEA89DRGB(190, 168, 157)CMYK(30,35,35,0)
鹰背褐#8F6D5FRGB(143, 109, 95)CMYK(50,60,60,5)
麝香褐#694B3CRGB(105, 75, 60)CMYK(60,70,75,25)
石英#C8B6BBRGB(200, 182, 187)CMYK(25,30,20,0)
银褐#9C8D9BRGB(156, 141, 155)CMYK(45,45,30,0)
烟红#9D858FRGB(157, 133, 143)CMYK(45,50,35,0)
紫诰#76555DRGB(118, 85, 93)CMYK(60,70,55,10)